 <pre>

 Contingency table for Visibility (m)
 Selection: ALL    104 stations
Period: 20211110-20211110
Used {00,06,12} + 00 03 06 09 12 15 18
 Limits    1000.00000       5000.00000       10000.0000       20000.0000    
 Each class is data <= limit, the very last > last limit
 Total number of values        1363
                                     OBSERVATION
                                      2        3        3        0        2 |        10
                                      8       27       14       43      114 |       206
                           REF        0       17        4       21      112 |       154
                                      1        7        7       37      241 |       293
                                      8       24       57      114      497 |       700

                    SUM              19       78       85      215      966 |      1363
                                     OBSERVATION
                                      3        3        2        0        1 |         9
                                      7       25       14       44      113 |       203
                         SAR_3        0       18        5       21      111 |       155
                                      1        7        5       43      282 |       338
                                      8       25       59      107      459 |       658

                    SUM              19       78       85      215      966 |      1363

