 <pre>

 Contingency table for Visibility (m)
 Selection: ALL    104 stations
Period: 20211110-20211114
Used {00,06,12,18} + 00 03 ... 36
 Limits    1000.00000       5000.00000       10000.0000       20000.0000    
 Each class is data <= limit, the very last > last limit
 Total number of values       18208
                                     OBSERVATION
                                     38       31       11       15       36 |       131
                                    110      511      210      448     1078 |      2357
                           REF       39      145       99      287      929 |      1499
                                     44      101      146      488     3171 |      3950
                                     84      365      662     1607     7553 |     10271

                    SUM             315     1153     1128     2845    12767 |     18208
                                     OBSERVATION
                                     37       37       16        8       44 |       142
                                    119      466      205      419     1068 |      2277
                         SAR_3       30      148      103      296      959 |      1536
                                     49      110      111      475     3135 |      3880
                                     80      392      693     1647     7561 |     10373

                    SUM             315     1153     1128     2845    12767 |     18208

