 <pre>

 Contingency table for Visibility (m)
 Selection: ALL    104 stations
Period: 20211110-20211130
Used {00,06,12,18} + 00 03 ... 36
 Limits    1000.00000       5000.00000       10000.0000       20000.0000    
 Each class is data <= limit, the very last > last limit
 Total number of values       84517
                                     OBSERVATION
                                    493      421      235      131      244 |      1524
                                    935     4238     2270     2295     5104 |     14842
                           REF      208     1387     1051     1401     4290 |      8337
                                    150      884      971     1985    10689 |     14679
                                    451     3275     4392     7951    29066 |     45135

                    SUM            2237    10205     8919    13763    49393 |     84517
                                     OBSERVATION
                                    494      429      233      129      261 |      1546
                                    939     4189     2251     2328     5136 |     14843
                         SAR_3      193     1346     1034     1319     4271 |      8163
                                    155      914      908     1942    10626 |     14545
                                    456     3327     4493     8045    29099 |     45420

                    SUM            2237    10205     8919    13763    49393 |     84517

