 <pre>

 Contingency table for Cloud cover (octas)
 Selection: ALL     79 stations
Period: 20211110-20211130
Used {00,06,12,18} + 03 06 ... 36
 Limits   0.500000000       1.50000000       2.50000000       3.50000000       4.50000000       5.50000000       6.50000000       7.50000000    
 Each class is data <= limit, the very last > last limit
 Total number of values       57300
                                                       OBSERVATION
                                   6185      733      408      336      210      181      271      442     1077 |      9843
                                   1007      171      137      129       92      115       98      212      568 |      2529
                                    583      134      101      103       61       91       87      158      428 |      1746
                                    483      101       65       82       52       82       82      166      404 |      1517
                           REF      451       75       93       84       52       57       99      163      453 |      1527
                                    455       95       78       94       66       87      116      234      455 |      1680
                                    514      115       89       89       80      109      143      264      593 |      1996
                                    826      147      159      138      116      181      231      466     1050 |      3314
                                   3682      785      717      818      733     1194     1869     5163    18187 |     33148

                    SUM           14186     2356     1847     1873     1462     2097     2996     7268    23215 |     57300
                                                       OBSERVATION
                                   6195      751      422      342      210      199      249      450     1109 |      9927
                                   1006      202      140      130       70       94      113      209      598 |      2562
                                    592      124       80      111       72       84       91      177      447 |      1778
                                    479      107       88       69       45       88       85      175      424 |      1560
                         SAR_3      457       83       68       78       64       88      102      195      418 |      1553
                                    480       89       80       87       69       90      113      192      440 |      1640
                                    506       87      102      105       79      104      148      258      615 |      2004
                                    795      161      160      169      128      166      230      459     1006 |      3274
                                   3676      752      707      782      725     1184     1865     5153    18158 |     33002

                    SUM           14186     2356     1847     1873     1462     2097     2996     7268    23215 |     57300

