 <pre>

 Contingency table for Cloud cover (octas)
 Selection: ALL     79 stations
Period: 20211110-20211114
Used {00,06,12,18} + 03 06 ... 36
 Limits   0.500000000       1.50000000       2.50000000       3.50000000       4.50000000       5.50000000       6.50000000       7.50000000    
 Each class is data <= limit, the very last > last limit
 Total number of values       12225
                                                       OBSERVATION
                                   1727      108       86       60       47       38       63      140      189 |      2458
                                    219       38       28       37       25       21       25       68      103 |       564
                                    146       29       21       20       12       10       15       47       88 |       388
                                     82       24       13       24       16       10       19       48       86 |       322
                           REF      104       16       15       18       20        5       24       47       88 |       337
                                    116       36       15       23       22       15       20       61       93 |       401
                                    113       29       10       16       10       24       26       76      120 |       424
                                    210       25       19       22       27       46       56      155      220 |       780
                                    982      169      106      197      194      224      378     1342     2959 |      6551

                    SUM            3699      474      313      417      373      393      626     1984     3946 |     12225
                                                       OBSERVATION
                                   1682      116       82       69       51       41       57      135      177 |      2410
                                    241       41       39       35       17       13       30       63       98 |       577
                                    144       34       14       25       17       14       18       52       81 |       399
                                    108       23       14       12       14       11       21       50       78 |       331
                         SAR_3       89       18       10       18       20       20       22       58       80 |       335
                                    128       22       13       14       13       11       19       65       85 |       370
                                    111       22       13       20       22       13       28       86      121 |       436
                                    208       35       15       29       35       41       50      151      214 |       778
                                    988      163      113      195      184      229      381     1324     3012 |      6589

                    SUM            3699      474      313      417      373      393      626     1984     3946 |     12225

